# Begin

000000000000
000000000000
000000000000
000222222000
000222222000
000222222000
000222222000
000222222000
000222222000
000000000000
000000000000
000000000000

000000000000
000001000000
000001100000
000222222000
000222222000
000222222000
000222222000
001222222000
000222222000
000000000000
000000000000
000000000000

000100000000
000110000000
000111000000
000222222000
000222222000
000222222000
000222222110
011222222000
000222222000
000010001000
000000000000
000000000000

000000100000
000001100000
000011100000
000222222000
001222222000
011222222000
000222222000
000222222000
000222222000
000110010000
000100000000
000000000000
